36 09 0c 0b 08 0d 0d 08 04 08 02 01 02 0e 07 06 06 04 08 0c 01 01 0d 01 0e 09 06 04 0a 01 0b 00 0e 0000 0000 0000 0000 0000 0000 0000 0000 0000 0000 0000 0000 0000 0000 0000 0000 0000 0000 0000 0000 0000 0000 0000 0000 0000 0000 0000 0000 0000 0000 0000 0000
28 04 05 06 0c 05 0c 03 02 07 0a 06 0f 0d 0e 05 08 09 04 00 09 03 0c 06 0f 0c 0d 0b 08 0b 00 09 05 0000 0000 0000 0000 0000 0000 0000 0000 0000 0000 0000 0000 0000 0000 0000 0000 0000 0000 0000 0000 0000 0000 0000 0000 0000 0000 0000 0000 0000 0000 0000 0000
6b 01 07 0c 03 00 0f 00 0f 0d 0b 01 03 0a 03 04 01 0d 09 0e 03 0e 05 00 06 02 04 09 0d 0a 01 04 07 0000 0000 0000 0000 0000 0000 0000 0000 0000 0000 0000 0000 0000 0000 0000 0000 0000 0000 0000 0000 0000 0000 0000 0000 0000 0000 0000 0000 0000 0000 0000 0000
17 08 00 04 03 05 07 0c 04 06 0f 0e 0f 08 00 0f 07 06 06 07 0e 01 07 0e 01 0e 01 03 01 06 08 08 0e 0000 0000 0000 0000 0000 0000 0000 0000 0000 0000 0000 0000 0000 0000 0000 0000 0000 0000 0000 0000 0000 0000 0000 0000 0000 0000 0000 0000 0000 0000 0000 0000
8b 02 0d 0a 01 05 06 00 01 0d 0b 0a 07 09 0f 02 04 0b 0e 09 02 0f 08 09 04 0d 02 00 08 05 08 02 07 0000 5680 5500 0000 0000 0000 0000 0000 5680 5580 5500 0000 5480 5780 0000 0000 5580 5700 5480 0000 5780 5400 5480 0000 5680 0000 0000 5400 0000 5400 0000 0000
4f 05 0f 0b 06 05 03 06 07 0a 0a 0c 0c 03 06 0f 0e 0b 08 03 0b 04 03 0e 07 0b 0a 0f 0e 04 0b 04 02 0000 0000 0000 0000 0000 0000 0000 0000 0000 0000 0000 0000 0000 0000 0000 0000 0000 0000 0000 0000 0000 0000 0000 0000 0000 0000 0000 0000 0000 0000 0000 0000
e0 0b 0e 0f 02 09 08 05 0f 0b 05 00 06 07 08 03 09 09 02 02 05 0c 03 0f 0e 07 0a 0d 03 09 03 09 0c 7bff 7bff 7bff 0000 7bff 7bff 0000 7bff 7bff 0000 0000 0000 0000 7bff 0000 7bff 7bff 0000 0000 0000 7bff 0000 7bff 7bff 0000 7bff 7bff 0000 7bff 0000 7bff 7bff
cc 0e 0f 0c 0f 0b 0d 01 04 0d 06 0c 03 06 0d 0e 0d 0b 01 05 0c 05 07 0e 06 02 0c 08 00 03 0b 0c 06 7bff 7bff 7bff 7bff 7bff 7bff 0000 0000 7bff 0000 7bff 0000 0000 7bff 7bff 7bff 7bff 0000 0000 7bff 0000 0000 7bff 0000 0000 7bff 7bff 0000 0000 7bff 7bff 0000
04 00 0a 07 05 04 0f 0b 05 07 09 0c 0f 01 09 01 09 05 01 0b 03 08 0c 04 0f 02 05 06 0f 03 06 0a 04 0000 0000 0000 0000 0000 0000 0000 0000 0000 0000 0000 0000 0000 0000 0000 0000 0000 0000 0000 0000 0000 0000 0000 0000 0000 0000 0000 0000 0000 0000 0000 0000
a5 01 04 0e 02 0a 07 0e 04 0f 0f 07 0c 0e 04 04 01 07 03 01 03 0d 09 0a 0e 0d 05 00 07 0f 08 02 07 0000 0000 7bff 0000 7bff 0000 7bff 0000 7bff 7bff 0000 7bff 7bff 0000 0000 0000 0000 0000 0000 0000 7bff 7bff 7bff 7bff 7bff 0000 0000 0000 7bff 7bff 0000 0000
2d 00 0f 01 09 0b 09 0f 0b 0d 05 0a 01 0f 02 03 05 0c 05 02 0f 0a 07 0b 07 09 02 0f 07 01 0e 0e 06 0000 0000 0000 0000 0000 0000 0000 0000 0000 0000 0000 0000 0000 0000 0000 0000 0000 0000 0000 0000 0000 0000 0000 0000 0000 0000 0000 0000 0000 0000 0000 0000
32 0d 09 03 07 05 00 0e 0b 04 0b 03 0b 0f 01 0e 0a 05 03 00 06 01 08 0c 0b 02 00 05 01 0f 01 04 0d 0000 0000 0000 0000 0000 0000 0000 0000 0000 0000 0000 0000 0000 0000 0000 0000 0000 0000 0000 0000 0000 0000 0000 0000 0000 0000 0000 0000 0000 0000 0000 0000
8e 09 09 01 0c 09 05 0e 08 0f 0b 07 0d 0a 0b 05 06 0e 03 0f 0b 09 08 04 0d 01 06 0f 07 0a 0e 05 0d 6080 6080 0000 6200 6080 0000 6300 6000 6380 6180 0000 6280 6100 6180 0000 0000 6300 0000 6380 6180 6080 6000 0000 6280 0000 0000 6380 0000 6100 6300 0000 6280
21 0a 09 09 0f 02 01 05 0f 06 06 0a 0e 00 01 0c 0c 07 03 08 09 09 0b 03 06 00 0c 02 08 04 01 00 01 0000 0000 0000 0000 0000 0000 0000 0000 0000 0000 0000 0000 0000 0000 0000 0000 0000 0000 0000 0000 0000 0000 0000 0000 0000 0000 0000 0000 0000 0000 0000 0000
53 03 0b 06 0c 09 03 0a 0a 04 0d 02 0c 08 09 0e 06 0e 04 03 00 07 0f 08 01 03 0f 0f 0c 0a 05 03 0c 0000 0000 0000 0000 0000 0000 0000 0000 0000 0000 0000 0000 0000 0000 0000 0000 0000 0000 0000 0000 0000 0000 0000 0000 0000 0000 0000 0000 0000 0000 0000 0000
78 01 05 0d 0f 0b 09 0d 0b 0b 01 01 01 0a 0f 0b 09 03 0a 06 06 03 07 01 0d 00 0a 0c 0a 08 0d 06 0a 0000 0000 0a80 0b80 0980 0880 0a80 0980 0980 0000 0000 0000 0900 0b80 0980 0880 0000 0900 0000 0000 0000 0000 0000 0a80 0000 0900 0a00 0900 0800 0a80 0000 0900
d9 01 01 00 00 08 06 09 03 0f 05 04 06 04 0f 05 01 07 0c 06 0d 0d 02 05 0f 0e 0a 0e 00 04 05 00 01 0000 0000 0000 0000 7bff 0000 7bff 0000 7bff 0000 0000 0000 0000 7bff 0000 0000 0000 7bff 0000 7bff 7bff 0000 0000 7bff 7bff 7bff 7bff 0000 0000 0000 0000 0000
54 0b 0f 0a 01 01 0f 0e 0c 04 0f 0f 0a 0e 0b 0d 0e 03 08 01 02 07 0d 0a 08 01 07 09 0e 01 0b 0c 04 0000 0000 0000 0000 0000 0000 0000 0000 0000 0000 0000 0000 0000 0000 0000 0000 0000 0000 0000 0000 0000 0000 0000 0000 0000 0000 0000 0000 0000 0000 0000 0000
7f 03 05 00 01 06 04 0b 0a 0f 01 0a 0b 00 0a 06 0e 0a 0f 0b 0a 0a 08 04 01 0f 0d 05 0c 01 02 05 04 0000 0000 0000 0000 0000 0000 2580 2500 2780 0000 2500 2580 0000 2500 0000 2700 2500 2780 2580 2500 2500 2400 0000 0000 2780 2680 0000 2600 0000 0000 0000 0000
e3 0d 0a 03 06 02 0a 05 01 09 0c 0c 0d 0e 08 05 04 00 0b 0e 0e 0b 08 0d 0e 08 0f 0d 09 0b 06 0a 08 7bff 7bff 0000 0000 0000 7bff 0000 0000 7bff 7bff 7bff 7bff 7bff 7bff 0000 0000 0000 7bff 7bff 7bff 7bff 7bff 7bff 7bff 7bff 7bff 7bff 7bff 7bff 0000 7bff 7bff
09 0e 0f 06 02 09 09 03 0d 0f 05 00 05 0f 08 0c 05 08 0c 0d 0d 08 02 0e 0f 08 06 06 0d 0d 03 01 03 0000 0000 0000 0000 0000 0000 0000 0000 0000 0000 0000 0000 0000 0000 0000 0000 0000 0000 0000 0000 0000 0000 0000 0000 0000 0000 0000 0000 0000 0000 0000 0000
57 01 06 05 0e 01 0e 0a 0b 07 0e 02 07 05 01 06 0c 0e 0b 08 07 0a 0b 00 0d 0c 06 07 0a 0d 0a 06 03 0000 0000 0000 0000 0000 0000 0000 0000 0000 0000 0000 0000 0000 0000 0000 0000 0000 0000 0000 0000 0000 0000 0000 0000 0000 0000 0000 0000 0000 0000 0000 0000
48 04 0e 09 05 03 0e 01 05 07 05 01 0b 05 00 0a 0f 04 0c 04 06 0d 07 09 07 04 03 06 02 06 05 05 04 0000 0000 0000 0000 0000 0000 0000 0000 0000 0000 0000 0000 0000 0000 0000 0000 0000 0000 0000 0000 0000 0000 0000 0000 0000 0000 0000 0000 0000 0000 0000 0000
aa 0c 0a 08 07 0e 05 0d 02 00 01 09 08 0b 05 04 0b 02 06 0e 0d 02 0c 0f 0d 06 05 0c 0b 06 01 0c 0f 7bff 7bff 7bff 0000 7bff 0000 7bff 0000 0000 0000 7bff 7bff 7bff 0000 0000 7bff 0000 0000 7bff 7bff 0000 7bff 7bff 7bff 0000 0000 7bff 7bff 0000 0000 7bff 7bff
90 03 0b 0c 00 08 0b 01 0c 0a 02 06 0b 03 05 0f 0e 08 02 04 04 00 03 05 03 05 06 04 00 08 05 0f 07 0000 6980 6a00 0000 6800 6980 0000 6a00 6900 0000 0000 6980 0000 0000 6b80 6b00 6800 0000 0000 0000 0000 0000 0000 0000 0000 0000 0000 0000 6800 0000 6b80 0000
2e 05 09 0f 04 0b 08 09 04 05 05 07 07 08 08 02 01 0d 02 0a 09 02 08 03 0b 01 00 0c 0b 0a 0f 0f 04 0000 0000 0000 0000 0000 0000 0000 0000 0000 0000 0000 0000 0000 0000 0000 0000 0000 0000 0000 0000 0000 0000 0000 0000 0000 0000 0000 0000 0000 0000 0000 0000
f8 0d 04 0c 0c 05 0c 06 07 03 0b 06 0f 00 00 08 02 08 02 0c 0a 04 04 0c 0b 0c 05 08 00 03 0e 04 00 7bff 0000 7bff 7bff 0000 7bff 0000 0000 0000 7bff 0000 7bff 0000 0000 7bff 0000 7bff 0000 7bff 7bff 0000 0000 7bff 7bff 7bff 0000 7bff 0000 0000 7bff 0000 0000
0e 0f 07 0e 0b 0a 04 0d 05 00 0b 06 02 01 06 07 0c 07 01 06 04 09 04 03 0d 00 0e 05 07 02 0d 06 03 0000 0000 0000 0000 0000 0000 0000 0000 0000 0000 0000 0000 0000 0000 0000 0000 0000 0000 0000 0000 0000 0000 0000 0000 0000 0000 0000 0000 0000 0000 0000 0000
d4 06 01 0c 00 0e 0d 0d 0f 05 0e 0e 0d 04 0f 0a 0d 04 0e 03 0c 06 03 0d 07 07 07 07 03 0b 08 04 08 0000 0000 7bff 0000 7bff 7bff 7bff 7bff 0000 7bff 7bff 7bff 0000 7bff 7bff 7bff 0000 7bff 0000 7bff 0000 0000 7bff 0000 0000 0000 0000 0000 7bff 7bff 0000 7bff
4b 0a 04 0d 0e 02 02 0a 0b 00 09 0a 0e 00 04 05 0b 08 0c 03 0b 09 0a 04 0a 0e 01 0f 03 0c 0e 04 02 0000 0000 0000 0000 0000 0000 0000 0000 0000 0000 0000 0000 0000 0000 0000 0000 0000 0000 0000 0000 0000 0000 0000 0000 0000 0000 0000 0000 0000 0000 0000 0000
ab 02 0d 06 09 0d 0b 02 09 00 03 0a 00 02 0a 02 0f 07 05 0a 07 02 04 09 06 0b 01 05 02 00 06 07 06 0000 7bff 0000 7bff 7bff 7bff 0000 7bff 0000 0000 7bff 0000 0000 7bff 0000 7bff 0000 0000 7bff 0000 0000 0000 7bff 0000 7bff 0000 0000 0000 0000 0000 0000 0000
c7 04 00 03 0e 0a 06 0e 08 0f 07 0d 0f 0d 05 02 07 07 05 03 07 08 0d 0f 03 01 08 0a 04 0a 0c 05 00 0000 0000 0000 7bff 7bff 0000 7bff 7bff 7bff 0000 7bff 7bff 7bff 0000 0000 0000 0000 0000 0000 0000 7bff 7bff 7bff 0000 0000 7bff 7bff 0000 7bff 7bff 0000 0000
3a 09 0c 02 09 04 0e 07 02 0f 0a 07 0e 0d 0b 05 02 0f 01 0e 0c 0b 02 0e 02 0c 04 0f 00 07 0c 06 0a 0000 0000 0000 0000 0000 0000 0000 0000 0000 0000 0000 0000 0000 0000 0000 0000 0000 0000 0000 0000 0000 0000 0000 0000 0000 0000 0000 0000 0000 0000 0000 0000
3b 07 01 0c 0f 06 08 0f 04 0e 08 02 0a 05 0c 0d 0e 04 05 08 0c 0e 0a 0e 0a 05 06 0e 01 0a 0d 0d 00 0000 0000 0000 0000 0000 0000 0000 0000 0000 0000 0000 0000 0000 0000 0000 0000 0000 0000 0000 0000 0000 0000 0000 0000 0000 0000 0000 0000 0000 0000 0000 0000
e0 00 0a 0d 0f 0a 08 08 02 0f 07 09 0a 02 09 0e 08 0a 08 07 01 05 08 0c 07 0b 00 02 08 06 0d 0d 0f 0000 7bff 7bff 7bff 7bff 7bff 7bff 0000 7bff 0000 7bff 7bff 0000 7bff 7bff 7bff 7bff 7bff 0000 0000 0000 7bff 7bff 0000 7bff 0000 0000 7bff 0000 7bff 7bff 7bff
0c 0c 0d 02 08 07 07 0c 01 03 06 0b 0b 09 00 09 07 04 04 02 08 0f 09 0c 03 0c 0a 0b 05 02 0a 06 00 0000 0000 0000 0000 0000 0000 0000 0000 0000 0000 0000 0000 0000 0000 0000 0000 0000 0000 0000 0000 0000 0000 0000 0000 0000 0000 0000 0000 0000 0000 0000 0000
5b 00 05 0f 0c 07 00 07 04 09 03 01 0d 05 06 03 0c 0a 02 09 08 06 07 00 0a 0e 0b 06 00 04 03 04 07 0000 0000 0000 0000 0000 0000 0000 0000 0000 0000 0000 0000 0000 0000 0000 0000 0000 0000 0000 0000 0000 0000 0000 0000 0000 0000 0000 0000 0000 0000 0000 0000
73 09 09 00 06 03 0b 0d 09 08 05 07 07 00 06 05 0c 0b 0a 07 01 0e 03 01 01 0a 0b 00 0d 0c 02 00 07 0000 0000 0000 0000 0000 0000 0000 0000 0000 0000 0000 0000 0000 0000 0000 0000 0000 0000 0000 0000 0000 0000 0000 0000 0000 0000 0000 0000 0000 0000 0000 0000
c1 0d 04 09 02 0b 00 07 04 08 01 0b 0f 05 09 0e 00 04 08 0a 0d 08 0a 0c 0e 02 02 00 08 0d 04 03 01 7bff 0000 7bff 0000 7bff 0000 0000 0000 7bff 0000 7bff 7bff 0000 7bff 7bff 0000 0000 7bff 7bff 7bff 7bff 7bff 7bff 7bff 0000 0000 0000 7bff 7bff 0000 0000 0000
fd 0f 0c 08 09 01 04 02 07 0a 03 00 0a 00 0f 0d 06 07 03 08 0f 07 0c 0b 0e 08 0f 01 04 02 0d 04 04 7bff 7bff 7bff 7bff 0000 0000 0000 0000 7bff 0000 0000 7bff 0000 7bff 7bff 0000 0000 0000 7bff 7bff 0000 7bff 7bff 7bff 7bff 7bff 0000 0000 0000 7bff 0000 0000
8d 01 08 05 09 0e 05 01 09 0b 0a 0d 0c 03 0d 00 00 0c 08 04 05 00 03 0a 06 0c 04 0d 05 0f 0a 05 0e 0000 5c00 0000 5c80 5f00 0000 0000 5c80 5d80 5d00 5e80 5e00 0000 5e80 0000 0000 5e00 5c00 0000 0000 0000 0000 5d00 0000 5e00 0000 5e80 0000 5f80 5d00 0000 5f00
94 02 0f 0e 08 0c 07 00 06 09 06 04 09 02 06 09 00 0c 08 0f 0c 0c 0f 08 0b 02 05 01 00 01 05 0b 05 0000 7b80 7b00 7800 7a00 0000 0000 0000 7880 0000 0000 7880 0000 0000 7880 0000 7a00 7800 7b80 7a00 7a00 7b80 7800 7980 0000 0000 0000 0000 0000 0000 7980 0000
78 0e 0f 0f 04 0a 02 0a 0c 02 09 0a 0e 0a 01 04 08 05 0c 09 0d 0c 0c 03 08 00 00 01 01 06 0d 00 05 0b00 0b80 0b80 0000 0900 0000 0900 0a00 0000 0880 0900 0b00 0900 0000 0000 0800 0000 0a00 0880 0a80 0a00 0a00 0000 0800 0000 0000 0000 0000 0000 0a80 0000 0000
9b 0e 0b 03 0c 0a 05 0d 08 0d 02 0e 05 02 06 07 08 01 09 04 0b 09 0e 0d 09 0b 0c 0f 0d 0e 06 0c 0d 7bff 7bff 0000 7bff 7bff 0000 7bff 7bff 7bff 0000 7bff 0000 0000 0000 0000 7bff 0000 7bff 0000 7bff 7bff 7bff 7bff 7bff 7bff 7bff 7bff 7bff 7bff 0000 7bff 7bff
63 05 0f 0f 0e 0c 03 0a 05 02 0f 01 0e 0c 00 02 03 06 0b 0c 06 07 06 04 08 0a 0d 0d 03 08 01 00 02 0000 0000 0000 0000 0000 0000 0000 0000 0000 0000 0000 0000 0000 0000 0000 0000 0000 0000 0000 0000 0000 0000 0000 0000 0000 0000 0000 0000 0000 0000 0000 0000
d7 03 05 07 0e 05 0a 0b 0b 08 0c 0d 0e 0c 0b 08 0b 0e 07 01 07 02 02 05 0c 0a 00 09 0a 04 07 0f 03 0000 0000 0000 7bff 0000 7bff 7bff 7bff 7bff 7bff 7bff 7bff 7bff 7bff 7bff 7bff 7bff 0000 0000 0000 0000 0000 0000 7bff 7bff 0000 7bff 7bff 0000 0000 7bff 0000
70 0c 0f 06 04 04 07 00 05 0f 08 09 01 02 00 07 09 00 09 06 0a 07 0a 07 0d 09 07 07 01 0d 03 09 06 0000 0000 0000 0000 0000 0000 0000 0000 0000 0000 0000 0000 0000 0000 0000 0000 0000 0000 0000 0000 0000 0000 0000 0000 0000 0000 0000 0000 0000 0000 0000 0000
13 0a 0d 07 0d 03 04 00 0e 00 0d 0b 03 04 0b 0e 0a 06 06 03 0d 0a 0a 02 09 04 00 0c 01 08 03 04 07 0000 0000 0000 0000 0000 0000 0000 0000 0000 0000 0000 0000 0000 0000 0000 0000 0000 0000 0000 0000 0000 0000 0000 0000 0000 0000 0000 0000 0000 0000 0000 0000
bd 0a 02 06 07 05 04 03 0a 05 03 03 0c 0a 0b 00 00 03 0d 0b 0a 01 04 06 08 0a 03 08 0e 0b 0f 02 08 7bff 0000 0000 0000 0000 0000 0000 7bff 0000 0000 0000 7bff 7bff 7bff 0000 0000 0000 7bff 7bff 7bff 0000 0000 0000 7bff 7bff 0000 7bff 7bff 7bff 7bff 0000 7bff
2c 0e 04 04 0b 07 08 0d 01 08 09 0f 00 0e 0b 01 04 01 0a 0c 0a 0b 04 06 04 00 01 00 04 0d 06 05 0d 0000 0000 0000 0000 0000 0000 0000 0000 0000 0000 0000 0000 0000 0000 0000 0000 0000 0000 0000 0000 0000 0000 0000 0000 0000 0000 0000 0000 0000 0000 0000 0000
51 00 08 06 0e 07 0f 01 09 05 0d 02 03 05 02 06 0b 00 09 04 0b 03 0d 08 0b 0e 0c 05 07 07 04 0c 07 0000 0000 0000 0000 0000 0000 0000 0000 0000 0000 0000 0000 0000 0000 0000 0000 0000 0000 0000 0000 0000 0000 0000 0000 0000 0000 0000 0000 0000 0000 0000 0000
