77777777
77777777
77777777
77777777
77777777
77777777
77777777
77777777
77777777
77777777
77777777
77777777
77777777
77777777
77777777
77777777
77777777
77777777
77777777
77777777
77777777
77777777
77777777
77777777
77777777
77777777
77777777
77777777
77777777
78787878
77777777
77777777
77777777
77777777
77777777
77777777
77777777
77777777
77777777
77777777
77777777
77777777
77777777
77777777
77777777
77777777
77777777
77777777
77777777
77777777
77777777
77777777
77777777
77777777
77777777
77777777
77777777
77777777
77777777
77777777
77777777
77777777
77777777
77777777
