77777777
77777777
77777777
77777777
77777777
77777777
77777777
77777777
77777777
77777777
77777777
77777777
77777777
77777777
77777777
77777777
77777777
77777777
77777777
77777777
77777777
77777777
77777777
77777777
77777777
77777877
77777777
77777777
77777777
77777878
77777777
77777777
77777777
77777777
77777777
77787777
77777777
77777777
77777777
77777777
77777777
77777777
77777777
77777777
77777777
77777777
77777777
77777777
77777777
77777777
77777777
77777777
77777777
77777777
77777777
77777777
77777777
77777777
77777777
77777777
77777777
77777777
77777777
77777777
77777777
77777777
77777777
77777777
77777777
77777777
77777777
77777777
77777777
77777777
77777777
77777777
77777777
77777777
77777777
77777777
77777777
77777777
77777777
77777777
77777777
77777777
77777777
77777877
77777777
77777777
77777777
77777777
77777777
77777777
77777777
77777777
77777777
77777777
77777777
77777777
77777777
77777777
77777777
77777777
77777777
77777777
77777777
77777777
77777777
77777777
77777777
77777777
77777777
77777777
77777777
77777777
77777777
77777777
77777777
77777777
77777777
77777777
77777777
77777777
77777777
77777777
77777777
77777777
